172 173 634 635
0.2805469 0.2805469 0.5 0.5
0.6666667 0.6666667 1 1
0.1125 0.1125 0.3333333 0.3333333
0.16875 0.16875 0.3333333 0.3333333
0.675 0.675 1 1
0.1139063 0.1139063 0.3333333 0.3333333
0.16875 0.16875 0.3333333 0.3333333
0.16875 0.16875 0.5 0.5
0.0003497252 0.0003497252 3.348361e-06 3.348361e-06
0.0001748626 0.0001748626 1.67418e-06 1.67418e-06
0.04397794 0.04397794 0.0008421127 0.0008421127
TRUE TRUE TRUE TRUE
172 173 634 635
0.2805469 0.2805469 0.5 0.5
0.6666667 0.6666667 1 1
0.1125 0.1125 0.3333333 0.3333333
0.16875 0.16875 0.3333333 0.3333333
0.675 0.675 1 1
0.1139063 0.1139063 0.3333333 0.3333333
0.16875 0.16875 0.3333333 0.3333333
0.16875 0.16875 0.5 0.5
0.0003497252 0.0003497252 3.348361e-06 3.348361e-06
0.0001748626 0.0001748626 1.67418e-06 1.67418e-06
0.04397794 0.04397794 0.0008421127 0.0008421127
TRUE TRUE TRUE TRUE
